0 3 18 40 51 96 148 150 195 202 211 290 317 359 399 401 409 425 446 471 501 517 525 537 542 562 604 697 709 713 777 794 806 858 861 864 900 930 947 976 980 983 986
1 12 36 95 126 182 194 237 270 305 327 443 483 515 539 644 672 687 695 701 751 761 773
2 7 24 112 143 163 164 200 253 265 277 316 325 330 344 366 441 532 548 633 649 656 668 699 771 804 818 820 832 869 882 891 895 921 922
4 19 71 92 170 229 243 284 292 296 309 318 329 347 349 350 455 459 475 488 497 514 549 553 564 567 588 601 612 620 666 677 714 755 775 779 836 838 856 907 927 954 975 982 988
5 13 79 88 124 130 139 226 230 258 264 370 400 419 474 480 565 592 593 600 662 680 689 705 730 734 767 780 782 831 842 845 848 874 937 960 963 966
6 137 186 191 193 246 257 310 386 387 388 424 426 467 470 529 582 611 681 704 710 721 796 813 819 857 860
8 26 34 35 47 93 113 157 166 168 169 231 247 255 338 343 417 466 487 534 543 573 594 653 673 675 736 738 740 756 795 807 824 829 867 870 902 961
9 43 76 90 128 155 213 225 249 263 267 276 298 340 367 405 420 447 462 473 476 502 516 547 602 624 634 641 739 741 758 770 802 816 817 827 843 866 889 893 955 970 972 977 979 985 992 995 997
10 25 30 41 64 125 146 147 152 216 273 280 285 311 392 394 429 485 499 503 519 550 557 571 610 676 679 737 744 809 846 855 884 903 906 919 938 948 959
11 32 97 223 266 299 306 342 345 402 418 439 451 468 559 580 607 627 640 659 781 799
14 33 63 74 84 115 123 129 197 206 209 241 269 289 313 335 346 362 427 453 461 505 558 574 613 635 661 682 716 789 793 798 830 837 839 847 862 872 876 897 908 931 940 952 971 974 991
15 31 57 77 107 117 175 215 228 240 261 262 328 352 363 373 385 404 491 513 523 526 605 626 650 658 690 719 722 834
16 38 45 61 62 68 70 72 89 103 119 121 141 144 171 177 192 208 234 368 378 381 383 422 428 448 456 479 484 510 545 576 603 694 708 743 790 791 851 868 883 928 939 946 965 969 989 999
17 27 58 60 66 73 111 127 134 156 162 178 198 201 210 214 323 355 407 412 433 450 477 506 538 544 587 599 639 657 684 742 752 772 785 852 873 910 913 918 920 935 936 951 967 984 990 993
20 80 98 99 114 160 189 232 233 291 354 364 406 438 490 637 646 648 663 718 729 776 814
21 37 52 82 91 133 138 158 190 271 283 322 391 396 410 493 494 508 522 531 540 560 596 606 651 660 691 715 726 735 754 783 812 823 835 880 888 905 912 929 945 973 981
22 85 101 120 131 132 136 142 219 227 245 278 293 331 334 375 384 442 464 486 496 578 645 652 692 696 768 805 854 879 887 911 914 917
23 29 39 48 53 94 176 199 207 235 250 256 259 297 336 376 444 481 512 518 521 546 579 581 586 595 647 654 669 683 685 745 762 764 822 871 916 943 944 953 956
28 44 54 110 135 159 161 167 220 268 287 303 324 357 358 360 371 436 498 511 630 706 733 766
42 75 78 81 83 102 145 173 180 188 251 260 302 351 361 377 415 507 530 535 572 763 778 788 841 877 886
46 59 65 86 87 154 179 183 187 196 203 212 221 239 315 365 372 408 413 431 437 482 520 569 583 618 619 632 638 643 688 698 700 703 720 800 811 815 859 885 892 904 925 926 932 942 957 958
49 236 274 275 286 312 337 379 395 397 416 435 445 454 457 489 500 509 552 555 566 577 585 609 629 678 759 765 828 881 896 933 941
50 69 122 140 205 218 248 295 321 326 332 348 432 465 524 589 723 724 727 731 748 787 801 821 826 849 850 878
55 104 109 165 238 242 301 393 411 463 478 495 533 541 551 563 568 591 597 615 621 623 628 670 749 753 784 792 803 840 863 875 890 894 898 924 934 949 950 962 964
56 67 105 106 108 118 174 224 244 281 288 300 341 353 390 414 421 430 458 472 527 561 608 614 616 617 631 642 655 674 725 732 757 774 797 808 844 865 901 909 915 923 968 978 987 994 996 998
100 151 172 181 272 279 294 308 319 320 382 434 449 460 469 556 584 598 636 664 702 707 712 717 746 786 825 833 899
116 149 153 204 252 304 307 314 369 389 423 492 504 528 536 554 622 625 665 667 686 760 769 810 853
184 185 217 222 254 282 333 339 356 374 380 398 403 440 452 570 575 590 671 693 711 728 747 750
